0.14514401670446897
1.0
1.0
1.0
0.07025992562408882
1.0
1.0
1.0
1.0
0.3542217025833882
1.0
1.0
1.0
0.0
1.0
0.15641194773456552
1.0
1.0
0.14793107068344108
1.0
0.0
0.0031918441140233503
1.0
1.0
1.0
0.5501936529729008
1.0
1.0
1.0
1.0
1.0
0.8594667939900563
1.0
1.0
1.0
1.0
1.0
1.0
0.3321686872341168
1.0
1.0
1.0
0.47070707460526623
0.012496372320835204
1.0
1.0
1.0
1.0
1.0
1.0
1.0
0.0
1.0
1.0
0.024112470401749263
1.0
1.0
1.0
0.951005163929947
0.800238617922874
1.0
1.0
1.0
1.0
1.0
1.0
1.0
0.4744354439984169
0.4874926416410211
0.15897453094003966
0.49113414320695653
0.19909335174518877
0.08743282603723183
1.0
1.0
1.0
1.0
0.17197845345330612
1.0
1.0
1.0
1.0
1.0
1.0
1.0
1.0
1.0
0.9566405164522873
1.0
1.0
1.0
1.0
0.009458870427614818
1.0
0.24952711861167148
0.9727648283388153
1.0
0.031574558194139124
1.0
0.0011865670855257292
0.30632551014190007
1.0
1.0
0.11835718058421449
0.2588678530111262
0.27860248531060955
1.0
1.0
1.0
1.0
1.0
1.0
0.0985557232970142
1.0
1.0
1.0
1.0
0.8648678976513346
0.008723918104295285
1.0
0.5631874121615905
1.0
1.0
1.0
0.04573815673861664
0.01763727897680155
0.0385864521477536
1.0
1.0
1.0
1.0
1.0
1.0
0.005071299719760979
1.0
1.0
0.0024264560282665167
1.0
0.725802675121083
1.0
1.0
1.0
1.0
0.036832488208064416
1.0
0.0
0.02489428533668037
1.0
0.006239952085685459
0.0
1.0
1.0
1.0
1.0
1.0
1.0
1.0
0.0
1.0
1.0
1.0
1.0
1.0
1.0
1.0
1.0
1.0
1.0
1.0
0.17784702099685826
1.0
0.8759670243014092
1.0
1.0
1.0
0.23835444307178363
0.013375126261485471
1.0
1.0
1.0
1.0
1.0
0.0024974494374505308
1.0
0.7185524686478465
1.0
1.0
0.0
1.0
1.0
1.0
1.0
1.0
0.5631874121615905
0.9411251267693546
1.0
1.0
0.16764494826004508
1.0
1.0
1.0
1.0
0.01851855366683773
0.9188007298650919
1.0
1.0
1.0
0.0
1.0
1.0
0.14841585509872401
1.0
1.0
0.8247596721508771
1.0
1.0
1.0
1.0
1.0
1.0
0.0
1.0
0.4744354439984169
0.0
1.0
1.0
0.0035446403897841875
1.0
1.0
1.0
0.7594314049812251
0.17565812855721497
1.0
1.0
1.0
1.0
0.14140613935401067
1.0
1.0
1.0
1.0
0.17784702099685826
1.0
1.0
1.0
0.0
1.0
0.9856921786888093
1.0
1.0
1.0
0.7164480214270545
1.0
1.0
1.0
1.0
1.0
1.0
1.0
1.0
1.0
1.0
1.0
1.0
1.0
1.0
1.0
1.0
1.0
1.0
0.596611087089653
0.050158479434510454
0.5379633221745668
0.0037504005299057344
0.0
0.9428331101161945
1.0
1.0
1.0
1.0
0.9566405164522873
0.6177101622108018
1.0
1.0
1.0
1.0
1.0
1.0
1.0
1.0
1.0
0.0981477203350002
0.8993764476220991
1.0
0.1720839696395758
0.13764163697766557
1.0
1.0
1.0
1.0
0.26961447785037856
1.0
1.0
1.0
1.0
1.0
0.008489802352863422
1.0
1.0
1.0
1.0
1.0
0.8832392057718437
0.001988167153254519
1.0
1.0
1.0
1.0
1.0
1.0
1.0
1.0
0.13177794490016703
0.08743282603723183
1.0
0.0
1.0
1.0
0.0031788881601554735
1.0
0.09603350688305523
1.0
1.0
1.0
1.0
0.9411251267693546
1.0
1.0
1.0
1.0
0.0
1.0
1.0
1.0
1.0
1.0
1.0
0.4195392437435802
1.0
1.0
1.0
1.0
1.0
1.0
1.0
0.046989647770972816
1.0
0.3236448254976257
1.0
0.17928783665939974
1.0
1.0
1.0
1.0
1.0
0.0
1.0
0.09433730912695945
1.0
1.0
0.3162234965655703
1.0
1.0
1.0
1.0
0.2154253710396039
0.5954881470112031
1.0
1.0
0.0
1.0
1.0
0.009876923799945295
1.0
1.0
1.0
1.0
1.0
1.0
0.25678690092618145
0.0472093999229702
1.0
0.9634504036040341
1.0
0.5349267242940081
1.0
0.3162234965655703
1.0
0.012861364508296618
1.0
0.30632551014190007
1.0
0.4402138938634036
0.021060416911972257
1.0
0.3530557171419951
1.0
0.1237188495812127
1.0
1.0
1.0
1.0
1.0
1.0
1.0
1.0
0.11617968572131859
0.7674842173048559
1.0
1.0
1.0
1.0
1.0
1.0
1.0
1.0
0.19088576487954204
1.0
1.0
0.5501936529729008
0.10583046732521056
1.0
1.0
1.0
1.0
0.3162234965655703
0.0201541771426703
1.0
0.890763008392388
1.0
1.0
0.4714807009710828
1.0
1.0
1.0
0.8272249597122191
0.011112595668988862
1.0
1.0
1.0
1.0
1.0
1.0
1.0
0.0
1.0
1.0
0.004031232664115658
0.21058635884159313
1.0
0.011739618359006256
0.5089296209209012
1.0
1.0
1.0
1.0
1.0
1.0
1.0
1.0
0.5379633221745668
1.0
1.0
1.0
1.0
1.0
0.027177636734245954
1.0
0.010838396156439218
1.0
0.14678665740717314
1.0
1.0
1.0
1.0
1.0
1.0
1.0
1.0
1.0
0.890763008392388
1.0
0.19909335174518877
1.0
1.0
1.0
1.0
1.0
0.18056945165665303
1.0
0.06392981381546124
1.0
1.0
0.34303485860386645
0.045661145519134264
0.3375043335668274
1.0
1.0
1.0
1.0
1.0
1.0
1.0
1.0
1.0
1.0
1.0
1.0
1.0
1.0
1.0
0.005256982482903706
1.0
0.01941998817484051
1.0
0.26961447785037856
1.0
1.0
1.0
0.16077697897011714
1.0
0.0
0.0
0.4518443779690783
1.0
0.8759411094602793
1.0
0.9014724996206102
1.0
1.0
1.0
1.0
0.5709360175745817
1.0
1.0
1.0
1.0
1.0
0.854244092231362
1.0
1.0
1.0
0.4868629509898135
1.0
1.0
1.0
1.0
1.0
0.0
1.0
1.0
1.0
1.0
0.2308883480734862
1.0
0.005368645436950773
1.0
1.0
0.11490422858019103
1.0
1.0
0.8230251000715517
1.0
0.890763008392388
0.0
1.0
1.0
1.0
1.0
1.0
0.04622482450066344
0.79408488181123
1.0
1.0
1.0
0.03905354911768391
1.0
0.1204358674230974
1.0
0.4402138938634036
1.0
0.9115615424890431
0.04497015340516684
0.21219571433021164
0.5379633221745668
1.0
1.0
0.016466465151152583
1.0
1.0
1.0
1.0
1.0
1.0
1.0
1.0
1.0
1.0
1.0
1.0
1.0
1.0
1.0
0.0
1.0
1.0
1.0
1.0
0.0
1.0
0.013217912678291727
1.0
1.0
1.0
1.0
1.0
1.0
0.9145094236409884
1.0
0.0
1.0
0.9428331101161945
1.0
1.0
1.0
1.0
1.0
1.0
0.022154082761259845
1.0
1.0
0.1985893576383541
0.6656996272721372
0.6142559570816822
1.0
1.0
0.9411251267693546
1.0
0.1189470978975544
0.25678690092618145
1.0
0.0041521039560518756
1.0
1.0
1.0
1.0
1.0
1.0
1.0
1.0
1.0
1.0
1.0
1.0
1.0
1.0
1.0
1.0
1.0
1.0
0.0
1.0
1.0
1.0
0.008137232360492986
1.0
1.0
1.0
1.0
1.0
1.0
1.0
0.09403200638050961
1.0
1.0
1.0
1.0
1.0
1.0
0.01770684000190573
0.0032060335391404494
1.0
1.0
1.0
1.0
1.0
1.0
0.9390501247300471
1.0
1.0
0.0
1.0
1.0
1.0
0.433556058294311
0.005816866177901302
1.0
0.3443988989406241
0.0009619166143505116
1.0
1.0
1.0
1.0
1.0
1.0
1.0
0.6335112286333748
1.0
0.14841585509872401
1.0
1.0
1.0
1.0
1.0
1.0
1.0
1.0
1.0
1.0
0.05920255428733626
1.0
1.0
1.0
1.0
1.0
0.2711883609902339
1.0
1.0
0.0
1.0
1.0
0.05681632547709963
1.0
0.8960895001367873
1.0
1.0
1.0
0.0010361042177942192
1.0
1.0
1.0
1.0
0.1757212819161651
1.0
1.0
1.0
1.0
0.9510866526551742
1.0
1.0
0.14006763232875877
1.0
0.7122912266105408
1.0
1.0
0.09213481171001306
1.0
1.0
0.2256426526340012
1.0
1.0
1.0
0.21366493267121436
0.0
0.07322881960022705
1.0
1.0
1.0
1.0
1.0
1.0
1.0
0.012476857241848957
0.2572960564341142
1.0
0.9145094236409884
1.0
1.0
1.0
1.0
1.0
1.0
1.0
1.0
1.0
1.0
1.0
1.0
1.0
0.9206844410851833
1.0
1.0
1.0
1.0
1.0
1.0
0.010999329013309463
1.0
0.005331071568228832
0.0
1.0
0.002777983080894478
1.0
0.27604847585712383
0.005313322714873319
1.0
1.0
1.0
0.013217912678291727
1.0
1.0
1.0
1.0
1.0
0.34638856296445586
1.0
1.0
1.0
1.0
1.0
1.0
0.6406831752992169
1.0
1.0
1.0
1.0
1.0
1.0
1.0
1.0
1.0
1.0
1.0
1.0
1.0
1.0
1.0
1.0
1.0
1.0
0.7755123793980274
1.0
1.0
1.0
1.0
1.0
0.1757212819161651
1.0
1.0
1.0
1.0
1.0
1.0
1.0
1.0
0.07025992562408882
1.0
1.0
0.04738179051779614
1.0
1.0
1.0
1.0
1.0
1.0
0.2511249256990359
1.0
1.0
1.0
1.0
0.05448492511939644
0.5991363529748338
0.1478155951123927
1.0
1.0
1.0
1.0
1.0
0.6791452658421889
1.0
1.0
1.0
1.0
1.0
1.0
1.0
1.0
1.0
0.26728713994969927
0.4195392437435802
1.0
1.0
1.0
1.0
1.0
0.0012160636726311676
1.0
0.0
1.0
1.0
0.030164812552921753
1.0
1.0
1.0
0.0047274086337005744
1.0
1.0
1.0
1.0
1.0
1.0
1.0
1.0
1.0
0.021278663530479185
1.0
1.0
1.0
1.0
1.0
1.0
0.42116144492681146
1.0
1.0
1.0
1.0
0.0
0.0031788881601554735
0.009965488375149037
0.326000886592499
1.0
1.0
1.0
0.49124068982429575
0.16077697897011714
1.0
1.0
0.9390501247300471
1.0
0.0
1.0
1.0
1.0
0.06256762662864838
1.0
1.0
1.0
1.0
1.0
1.0
0.0
1.0
1.0
1.0
0.08919142323589688
1.0
0.30632551014190007
0.0018944341311393196
0.017278713906606385
1.0
1.0
1.0
1.0
1.0
1.0
1.0
0.006489035016995309
1.0
0.09200401567384131
0.18799670376486632
0.9510866526551742
1.0
1.0
0.0
0.004291923282640017
1.0
1.0
1.0
0.03872237499870459
0.0
1.0
1.0
1.0
1.0
1.0
1.0
0.9239303175819183
1.0
1.0
1.0
1.0
1.0
1.0
1.0
1.0
1.0
1.0
0.016104350139971566
1.0
1.0
1.0
1.0
1.0
1.0
1.0
1.0
0.6109211735912323
0.8102784500157634
1.0
1.0
0.06609859743950172
1.0
1.0
1.0
0.0
0.8652986705394202
1.0
1.0
1.0
0.0
1.0
1.0
1.0
0.3162234965655703
0.0
1.0
1.0
1.0
0.8700390073369312
1.0
1.0
1.0
1.0
1.0
1.0
1.0
1.0
1.0
1.0
0.3721968870405479
1.0
0.7367804642655211
1.0
0.0
0.7185524686478465
1.0
0.008612433339906264
1.0
1.0
1.0
1.0
1.0
1.0
1.0
0.04335457897683077
0.03860050411136998
1.0
1.0
0.0
1.0
0.21253234457470532
1.0
0.024409902119449246
1.0
1.0
0.0
1.0
1.0
1.0
1.0
0.0
1.0
0.12649365103517213
1.0
0.0
1.0
1.0
1.0
1.0
0.8247596721508771
1.0
1.0
1.0
0.9413820124536881
1.0
1.0
1.0
1.0
1.0
1.0
1.0
1.0
1.0
1.0
0.9413820124536881
0.055427444560248396
1.0
1.0
1.0
1.0
1.0
1.0
1.0
1.0
1.0
1.0
0.6791452658421889
0.9533824613430084
1.0
1.0
1.0
1.0
0.004436441809988251
0.06712953280127334
1.0
1.0
1.0
1.0
1.0
0.010999329013309463
1.0
0.24952711861167148
1.0
1.0
0.08743282603723183
1.0
1.0
0.00978280245638447
1.0
0.8700390073369312
1.0
1.0
1.0
1.0
1.0
1.0
1.0
0.0012160636726311676
1.0
0.5379633221745668
1.0
0.1757212819161651
0.013850812029269037
1.0
1.0
1.0
1.0
1.0
0.0
1.0
1.0
0.0
1.0
1.0
0.01928035079478578
1.0
1.0
0.010065141089164101
1.0
1.0
1.0
0.7164480214270545
1.0
0.0
0.4518443779690783
0.27422775039180797
1.0
1.0
1.0
1.0
1.0
1.0
0.5908594099815394
1.0
1.0
0.12496451276249984
1.0
0.1742756700209551
0.0
1.0
0.0024261400618049637
1.0
1.0
1.0
1.0
1.0
1.0
1.0
1.0
0.04601724055290482
1.0
1.0
1.0
1.0
1.0
1.0
0.0007135833017529157
0.07471058206526893
0.009798044304189674
1.0
1.0
1.0
1.0
0.022848352701278846
0.043790318660387545
1.0
1.0
1.0
0.1985893576383541
0.7811823605091137
1.0
1.0
0.9510866526551742
1.0
1.0
1.0
1.0
0.890763008392388
1.0
1.0
0.0024264560282665167
1.0
0.00979213806468655
1.0
1.0
1.0
0.018063262190816266
1.0
0.0064551944145174525
0.03443803703212719
1.0
0.02009072041539139
1.0
1.0
0.020011101288507534
1.0
1.0
1.0
0.7150419528719553
1.0
0.3375043335668274
1.0
1.0
1.0
1.0
1.0
0.0
1.0
0.19202405083826313
1.0
0.6360061990718723
1.0
1.0
1.0
1.0
1.0
0.7164480214270545
1.0
0.03616869609328224
0.890763008392388
0.5501936529729008
0.02605724365657568
1.0
1.0
1.0
1.0
1.0
0.14328355576357907
0.6161238141529171
1.0
1.0
0.0
1.0
0.1150100842479284
1.0
1.0
1.0
1.0
1.0
0.03638967197614223
0.0
1.0
0.0
1.0
1.0
1.0
0.012972366013802115
0.03524400904565446
1.0
1.0
1.0
1.0
1.0
1.0
1.0
1.0
0.023464199831855496
1.0
1.0
1.0
1.0
0.10127959154678653
1.0
1.0
1.0
1.0
1.0
1.0
1.0
1.0
0.0
1.0
1.0
1.0
1.0
1.0
0.0027940354515215825
0.9657397866515589
1.0
1.0
1.0
1.0
1.0
0.01933721145619098
0.14121740717992323
0.00591360905309691
1.0
1.0
0.4594350213019634
0.7122912266105408
1.0
0.5631874121615905
0.8784137966544675
1.0
1.0
0.43037326887181354
1.0
0.915420813407487
1.0
0.3539667193666154
1.0
1.0
1.0
1.0
0.012508648934788381
1.0
1.0
1.0
1.0
0.08503084971293733
1.0
1.0
1.0
1.0
1.0
0.30632551014190007
1.0
0.1653535657630061
0.0017669717858800928
1.0
1.0
1.0
1.0
0.0011865670855257292
1.0
1.0
1.0
1.0
1.0
0.057107132394953526
1.0
0.5908594099815394
1.0
0.933660039430481
1.0
1.0
1.0
1.0
1.0
1.0
1.0
1.0
1.0
1.0
1.0
1.0
1.0
1.0
0.05889137672670352
1.0
0.5089296209209012
1.0
1.0
1.0
1.0
1.0
0.6288440893802383
0.0
1.0
0.31217547238295223
1.0
1.0
1.0
1.0
1.0
1.0
0.01005868806161673
1.0
0.6335112286333748
1.0
0.6122355001669176
1.0
1.0
1.0
1.0
0.37202847407563755
0.3240538928965167
1.0
0.20926848559463973
1.0
1.0
0.027917413656061346
1.0
0.0
1.0
1.0
0.9204773022160405
0.0
1.0
1.0
1.0
1.0
1.0
1.0
1.0
1.0
0.0
1.0
1.0
0.19659960766958712
1.0
1.0
1.0
0.17703604176028975
1.0
1.0
1.0
0.0047841931211001585
1.0
0.05596738780722002
1.0
1.0
1.0
1.0
1.0
0.0
1.0
1.0
1.0
0.0
1.0
1.0
0.7590599467582598
0.0029702039184816504
0.3721968870405479
1.0
1.0
1.0
1.0
0.009135352294430008
0.06712953280127334
0.0472093999229702
0.0534854008114776
1.0
1.0
1.0
1.0
1.0
1.0
1.0
0.0
1.0
1.0
1.0
0.036832488208064416
1.0
1.0
0.7755123793980274
1.0
1.0
1.0
1.0
1.0
0.0
1.0
1.0
0.0021497522149533945
1.0
1.0
1.0
0.004976975587979787
0.7487431846258467
1.0
0.14140613935401067
1.0
1.0
1.0
1.0
1.0
0.027540625718103017
1.0
1.0
0.6020672123385923
1.0
0.5501841349473694
1.0
1.0
1.0
1.0
0.34689407985853477
1.0
1.0
1.0
1.0
1.0
1.0
1.0
1.0
1.0
1.0
1.0
0.02314847183858863
1.0
1.0
0.7959759924454012
0.9727648283388153
0.40821388748443355
1.0
1.0
1.0
1.0
1.0
1.0
1.0
1.0
1.0
0.0
1.0
0.6796786144060692
0.0
1.0
0.018862053765887232
1.0
0.14839455349180575
1.0
0.008723918104295285
1.0
1.0
0.02211128820528405
0.9654823199757876
1.0
1.0
1.0
1.0
0.06253079053658812
1.0
1.0
1.0
1.0
0.0
1.0
1.0
1.0
1.0
0.48765206095395386
1.0
1.0
1.0
1.0
1.0
0.04726322383459355
1.0
0.0
0.012462809587065015
1.0
0.9411251267693546
0.9468122787814258
1.0
1.0
1.0
0.08919142323589688
1.0
1.0
1.0
1.0
1.0
0.5631874121615905
1.0
0.041601512488033926
1.0
1.0
0.01770684000190573
1.0
0.6200447232412145
1.0
1.0
1.0
0.07159902755212011
1.0
0.4195392437435802
1.0
1.0
1.0
1.0
1.0
1.0
1.0
1.0
1.0
0.3162234965655703
0.09309015296976432
1.0
0.9014724996206102
1.0
1.0
1.0
0.3321686872341168
1.0
1.0
0.16472921998276946
1.0
0.2566505792603351
1.0
0.031574558194139124
0.23397356088708166
1.0
1.0
1.0
1.0
0.12561150263602194
1.0
0.43037326887181354
1.0
0.08355356952771249
0.1994510983713918
1.0
1.0
0.4114315718464985
1.0
1.0
1.0
1.0
1.0
1.0
1.0
1.0
0.9403268979086327
0.0016013827852574107
1.0
0.24272193220654842
0.7634957016628319
0.8648678976513346
1.0
1.0
1.0
1.0
0.10494143275111073
1.0
1.0
0.27790861237691994
1.0
0.0
1.0
1.0
1.0
1.0
1.0
0.061953707906797724
0.2966344517723433
1.0
1.0
1.0
1.0
1.0
1.0
1.0
1.0
0.020997949081926936
0.0037727036454291664
0.28998351582833987
